3.109965855448698630e-05
6.353661530886880765e-05
3.033595776697131985e-05
6.593054539689606258e-05
4.442055943974145145e-05
5.058719314513227515e-05
5.829539282401573056e-05
4.592089939364713067e-05
3.484002507881107626e-05
2.938606143306256516e-05
2.403706343824370275e-05
5.692201480994840126e-05
4.206546114479766567e-05
2.791549338563257082e-05
6.399685156006396124e-05
3.370432309961117430e-05
4.071175095405249250e-05
3.480399663668240793e-05
5.143939544397416972e-05
4.899189050947726698e-05
4.999645983124937189e-05
3.329095587677535772e-05
3.423429403206818840e-05
3.267941028868936548e-05
3.637819738443669963e-05
2.720821503267102217e-05
2.828064306006336298e-05
6.819652645339703925e-05
6.801133576428464481e-05
2.942073277979674102e-05
2.121532808147431356e-05
3.022777731899748270e-05
5.499218070632786972e-05
5.897572927777647040e-05
2.114665462195407328e-05
4.888314290648771565e-05
2.008210863580222962e-05
4.577363059526966997e-05
5.198975880654284787e-05
6.928122014020942276e-05
3.295487982055528118e-05
6.012484426314350182e-05
6.352415435007414133e-05
6.613748069728348552e-05
2.011071062662217853e-05
4.347441858787885407e-05
6.907343688030047140e-05
3.994724019514249165e-05
6.068662387934586395e-05
4.732282489862385310e-05
5.854270435701112139e-05
4.424655374942282430e-05
2.145557818363588392e-05
2.432628442011025335e-05
2.557269061890116643e-05
3.256225558452732180e-05
6.824576462631812095e-05
5.158830263688726553e-05
6.083301013076808974e-05
4.830409980463781100e-05
5.176781027909464896e-05
6.059511955902051913e-05
6.633413076219370826e-05
6.563133818518915807e-05
6.124053602192627052e-05
2.471013660886613162e-05
3.805242092319042812e-05
2.177545158801650048e-05
4.731791742704030983e-05
5.980713604280017215e-05
2.255714015506731843e-05
2.943338678965534553e-05
3.827388839560822890e-05
3.221454334789541744e-05
5.975437364605158973e-05
3.760474678831835990e-05
5.194388410301817863e-05
4.467075259483797552e-05
4.917498718600281810e-05
6.696496759824256868e-05
6.717700410079396119e-05
2.558462135917857137e-05
6.217774830551118137e-05
3.730140758779761334e-05
2.504136364313225489e-05
3.917045330335575484e-05
4.551773986696236495e-05
6.805515409825643790e-05
3.857563076640033617e-05
2.061847058001786947e-05
6.298534434940945457e-05
2.555553747701821952e-05
4.391695219933923814e-05
6.249900161930967949e-05
4.573689835003394666e-05
4.233039139611558714e-05
6.002382103752837439e-05
2.101956892240753298e-05
4.863093244038995582e-05
4.056918078896882152e-05
6.925683988479021749e-05
6.007007652055349004e-05
2.269810510725734173e-05
2.952388867277512993e-05
4.262094229084877143e-05
5.514710385589890291e-05
3.660240747678384770e-05
3.799915975856535833e-05
6.607352829795880809e-05
6.768152528636730517e-05
4.038428643385710669e-05
6.492855774423604901e-05
3.651266259797530592e-05
2.413692845399938270e-05
4.633587827292955813e-05
5.304221954791916288e-05
6.464921471776480558e-05
6.825787735071701359e-05
5.849663384456573194e-05
5.795495591446628389e-05
5.550245236772187262e-05
5.507764162906857608e-05
5.836656905588913770e-05
6.871747394428214851e-05
3.868572586979843799e-05
2.415272215192223042e-05
3.198202198061122603e-05
3.107413800214974095e-05
3.817998984020527244e-05
6.051571160561754323e-05
2.300480849331745244e-05
4.248717789482772911e-05
6.065852637416720231e-05
3.321191872703242303e-05
2.317004909866841921e-05
3.210538361279669162e-05
2.425352308751073838e-05
6.038887176736756169e-05
2.851250378190408932e-05
2.976723127812191637e-05
6.073210057789297248e-05
6.051427645912473447e-05
4.946869391168709111e-05
6.573671700587304539e-05
2.299108183773171455e-05
6.824983201351657151e-05
4.854876084279025647e-05
3.512590562501969162e-05
6.128529132491749795e-05
5.297086401766603036e-05
6.932507207016967449e-05
2.537447667875490393e-05
4.904592638166973439e-05
4.364140775286430780e-05
5.261353929938499495e-05
3.209295270487140419e-05
2.155650317092026874e-05
4.721161763730925674e-05
3.823550893961922387e-05
6.461666376492548967e-05
4.296727973793217661e-05
4.093270500184494851e-05
5.164527703954832280e-05
4.635894164732807713e-05
6.806055700870571577e-05
5.945050572781214828e-05
4.483477545612969987e-05
3.055705004471186988e-05
5.019920705481414262e-05
5.742879052774084279e-05
5.779319156303060927e-05
6.967520039663323349e-05
3.092488906700492337e-05
4.128186667674930830e-05
4.119248014026110835e-05
3.593232188411650942e-05
3.826665094672008604e-05
4.389706550522779166e-05
4.710452045385038781e-05
3.326151233133987440e-05
2.671818639261791395e-05
3.509430488663647213e-05
2.682400469106373958e-05
3.588501016762946029e-05
5.395913404355451152e-05
5.006705779476937742e-05
6.986127332814604668e-05
4.804572949050756313e-05
4.743630985465901166e-05
5.211747700776107227e-05
5.633946853167869551e-05
5.079067697592467938e-05
4.942500324865352508e-05
5.025021567451007934e-05
3.773927303489804793e-05
5.886909973142560713e-05
5.023016571166408190e-05
3.546153857367383600e-05
3.228154992720801727e-05
2.356329920474837421e-05
3.738645838335655827e-05
2.064240369902014234e-05
2.828209133191478015e-05
2.301832162088884883e-05
3.390779669435576324e-05
3.741659971695048659e-05
4.956111556948273738e-05
5.875065650180532278e-05
5.123772335811922340e-05
2.798404666611664125e-05
6.468813266161422561e-05
5.652956330033500010e-05
4.488840096320998260e-05
5.218201096954961911e-05
4.547375471537104622e-05
2.841040790093061328e-05
5.207323862689149530e-05
6.940838814814122922e-05
5.851646815587946686e-05
2.907406045597275406e-05
2.598845103792411085e-05
6.651709214938701176e-05
6.550487164811447387e-05
5.745923298052150563e-05
5.802657702083696456e-05
2.714378989396648971e-05
6.059720957787111253e-05
2.961396478877369884e-05
2.773725547706684501e-05
4.035394782607341029e-05
2.001914471837351454e-05
6.227589080819039187e-05
2.805662266719698532e-05
5.696253674463291910e-05
4.914554079617059244e-05
5.851300014857296065e-05
4.999965833688420721e-05
6.807337429230847481e-05
3.898891947091080018e-05
4.485051750375267256e-05
3.691693244864317042e-05
5.713753707587654828e-05
3.502479348867195352e-05
5.993931372833340187e-05
2.429748896649041332e-05
3.178318188325862762e-05
4.190844463030798077e-05
2.630229265643670920e-05
3.015159903939082172e-05
6.207713709315671423e-05
3.862162274582418880e-05
3.093408647288276763e-05
6.230664112253828752e-05
4.876873325295762434e-05
5.168582386453354440e-05
6.444642718380568945e-05
5.569795294841081370e-05
3.325563341255726742e-05
2.048541541665744114e-05
4.747317297644954069e-05
5.537631126459982865e-05
6.028473048200114188e-05
2.953281670991460999e-05
5.171071380123177006e-05
6.692764670546949481e-05
3.290931921226557445e-05
3.462402298153833630e-05
4.128220060196124606e-05
4.855893007978650795e-05
6.950277766615346438e-05
4.940998063523109320e-05
6.439496984814856194e-05
5.281056395220325931e-05
4.363894370550036643e-05
3.527742648632528790e-05
3.750897890483475611e-05
5.885671461236139187e-05
2.887545236600569474e-05
2.689676791980563327e-05
3.065224821472259701e-05
5.344567200710758796e-05
3.857024735077232936e-05
3.032513392914153172e-05
3.653522016040009168e-05
2.408147812075692642e-05
4.182677767348859626e-05
6.056079912665973198e-05
4.228962305953451575e-05
4.236550769966295534e-05
2.137642317388478870e-05
3.394888360371724743e-05
2.375852499433208040e-05
2.238691885567997117e-05
6.317927899255551137e-05
5.571587951560807306e-05
6.152188501881194810e-05
2.664528981970973155e-05
3.826432297725136672e-05
6.566087711579091893e-05
4.166939454938036689e-05
6.628259065418382035e-05
6.806840380657240791e-05
2.033040539947869303e-05
4.164652927566896769e-05
4.915563144217934596e-05
3.744137861115475288e-05
3.880160089523973830e-05
3.779107880788985856e-05
3.155164375865055702e-05
2.130186222131793825e-05
5.655919999341202728e-05
6.992578836314157899e-05
2.191709650800119624e-05
6.295491084765253149e-05
4.721524654852264023e-05
2.097599794115912662e-05
2.344082042868275015e-05
4.627247405387442956e-05
2.522801032210658605e-05
3.479987138301280752e-05
3.374172020059013847e-05
6.853028537808793751e-05
4.348332424690838622e-05
3.425905321352368737e-05
6.691210466710748614e-05
6.833633344182386620e-05
5.596999414179350312e-05
2.684395161604407600e-05
6.449494927214714465e-05
4.206301467773486467e-05
5.930636890985295371e-05
5.607443641759836774e-05
5.265820388752690055e-05
5.834865663154871978e-05
6.059151277196879633e-05
4.308307703420459104e-05
4.423103039931468837e-05
2.486931223671126371e-05
3.854313832261581265e-05
6.430671464139749529e-05
3.101360130597568350e-05
5.744575595897273720e-05
6.033148325768332318e-05
2.982839148971808455e-05
5.823013250970275118e-05
5.286731313740224581e-05
6.877296055520698743e-05
3.941465748267266136e-05
5.783749981108435436e-05
6.219768110780024724e-05
3.895363214037699505e-05
3.118440386993062019e-05
3.841212009129589354e-05
5.264149402137881104e-05
3.286936755726473493e-05
6.292494663452586256e-05
3.475957402291237057e-05
5.820173328306100179e-05
3.605218679927603897e-05
4.521612070631831514e-05
6.370918601928317077e-05
4.426983365337648673e-05
5.120942562265066663e-05
3.714040180568835812e-05
4.342867513937922206e-05
2.307070107466797560e-05
4.598832442260229514e-05
4.245770723148979908e-05
3.494914307293126281e-05
2.864385534668096187e-05
3.703318604582634402e-05
3.474252611543919231e-05
3.812688479100814716e-05
6.043770304799896571e-05
6.477997800704467777e-05
6.575166612112872994e-05
4.107778104948799108e-05
6.492237559909865691e-05
4.935387963609058387e-05
6.983055499583866140e-05
2.621314198091419931e-05
5.784157793888399630e-05
4.941342849514195252e-05
4.572830101545876123e-05
5.791077972997599969e-05
6.166408621087037661e-05
6.155439138692982409e-05
3.720594696400964890e-05
3.903385286616960464e-05
4.976425637649213194e-05
2.214359725816837581e-05
6.073526385839037142e-05
4.930115506025435797e-05
4.217523607413021695e-05
5.190674373088722019e-05
6.776757887695195135e-05
6.021055750519361594e-05
5.280748458640165653e-05
3.037711705626507230e-05
6.858680090600005933e-05
