1.554982927724349315e-05
1.516797888348565993e-05
1.516797888348565993e-05
2.221027971987072573e-05
2.221027971987072573e-05
2.529359657256613757e-05
2.296044969682356534e-05
1.742001253940553813e-05
1.469303071653128258e-05
1.201853171912185138e-05
1.201853171912185138e-05
2.103273057239883284e-05
1.395774669281628541e-05
1.395774669281628541e-05
1.685216154980558715e-05
1.685216154980558715e-05
1.740199831834120397e-05
1.740199831834120397e-05
2.449594525473863349e-05
1.664547793838767886e-05
1.664547793838767886e-05
1.633970514434468274e-05
1.633970514434468274e-05
1.360410751633551108e-05
1.360410751633551108e-05
1.414032153003168149e-05
3.400566788214232241e-05
1.471036638989837051e-05
1.060766404073715678e-05
1.060766404073715678e-05
1.511388865949874135e-05
2.749609035316393486e-05
1.057332731097703664e-05
1.057332731097703664e-05
1.004105431790111481e-05
1.004105431790111481e-05
2.288681529763483499e-05
2.599487940327142394e-05
1.647743991027764059e-05
3.006242213157175091e-05
3.176207717503707066e-05
1.005535531331108926e-05
1.005535531331108926e-05
2.173720929393942704e-05
1.997362009757124582e-05
1.997362009757124582e-05
2.366141244931192655e-05
2.366141244931192655e-05
2.212327687471141215e-05
1.072778909181794196e-05
1.072778909181794196e-05
1.216314221005512668e-05
1.278634530945058321e-05
1.628112779226366090e-05
2.579415131844363276e-05
2.579415131844363276e-05
2.415204990231890550e-05
2.588390513954732448e-05
3.029755977951025957e-05
3.281566909259457903e-05
3.062026801096313526e-05
1.235506830443306581e-05
1.235506830443306581e-05
1.088772579400825024e-05
1.088772579400825024e-05
2.365895871352015491e-05
1.127857007753365922e-05
1.127857007753365922e-05
1.471669339482767276e-05
1.610727167394770872e-05
1.610727167394770872e-05
1.880237339415917995e-05
1.880237339415917995e-05
2.233537629741898776e-05
2.233537629741898776e-05
2.458749359300140905e-05
1.279231067958928569e-05
1.279231067958928569e-05
1.865070379389880667e-05
1.252068182156612744e-05
1.252068182156612744e-05
1.958522665167787742e-05
2.275886993348118247e-05
1.928781538320016809e-05
1.030923529000893474e-05
1.030923529000893474e-05
1.277776873850910976e-05
1.277776873850910976e-05
2.195847609966961907e-05
2.286844917501697333e-05
2.116519569805779357e-05
2.116519569805779357e-05
1.050978446120376649e-05
1.050978446120376649e-05
2.028459039448441076e-05
3.003503826027674502e-05
1.134905255362867086e-05
1.134905255362867086e-05
1.476194433638756497e-05
2.131047114542438572e-05
1.830120373839192385e-05
1.830120373839192385e-05
1.899957987928267917e-05
3.303676414897940405e-05
2.019214321692855334e-05
2.019214321692855334e-05
1.825633129898765296e-05
1.206846422699969135e-05
1.206846422699969135e-05
2.316793913646477906e-05
2.652110977395958144e-05
3.232460735888240279e-05
2.924831692228286597e-05
2.897747795723314195e-05
2.753882081453428804e-05
2.753882081453428804e-05
2.918328452794456885e-05
1.934286293489921899e-05
1.207636107596111521e-05
1.207636107596111521e-05
1.553706900107487048e-05
1.553706900107487048e-05
1.908999492010263622e-05
1.150240424665872622e-05
1.150240424665872622e-05
2.124358894741386455e-05
1.660595936351621151e-05
1.158502454933420960e-05
1.158502454933420960e-05
1.212676154375536919e-05
1.212676154375536919e-05
1.425625189095204466e-05
1.425625189095204466e-05
3.025713822956236723e-05
2.473434695584354555e-05
2.473434695584354555e-05
1.149554091886585728e-05
1.149554091886585728e-05
2.427438042139512823e-05
1.756295281250984581e-05
1.756295281250984581e-05
2.648543200883301518e-05
2.648543200883301518e-05
1.268723833937745196e-05
1.268723833937745196e-05
2.182070387643215390e-05
2.182070387643215390e-05
1.604647635243570210e-05
1.077825158546013437e-05
1.077825158546013437e-05
1.911775446980961194e-05
1.911775446980961194e-05
2.046635250092247426e-05
2.046635250092247426e-05
2.317947082366403856e-05
2.317947082366403856e-05
2.972525286390607414e-05
2.241738772806484994e-05
1.527852502235593494e-05
1.527852502235593494e-05
2.509960352740707131e-05
2.871439526387042140e-05
2.889659578151530464e-05
1.546244453350246168e-05
1.546244453350246168e-05
2.059624007013055418e-05
1.796616094205825471e-05
1.796616094205825471e-05
1.913332547336004302e-05
2.194853275261389583e-05
1.663075616566993720e-05
1.335909319630895698e-05
1.341200234553186979e-05
1.341200234553186979e-05
1.794250508381473014e-05
2.503352889738468871e-05
2.503352889738468871e-05
2.402286474525378157e-05
2.371815492732950583e-05
2.371815492732950583e-05
2.605873850388053614e-05
2.539533848796233969e-05
2.471250162432676254e-05
2.471250162432676254e-05
1.886963651744902397e-05
1.886963651744902397e-05
2.511508285583204095e-05
1.773076928683691800e-05
1.614077496360400864e-05
1.178164960237418711e-05
1.032120184951007117e-05
1.032120184951007117e-05
1.150916081044442442e-05
1.150916081044442442e-05
1.695389834717788162e-05
1.870829985847524330e-05
2.478055778474136869e-05
2.561886167905961170e-05
1.399202333305832063e-05
1.399202333305832063e-05
2.826478165016750005e-05
2.244420048160499130e-05
2.244420048160499130e-05
2.273687735768552311e-05
1.420520395046530664e-05
1.420520395046530664e-05
2.603661931344574765e-05
2.925823407793973343e-05
1.453703022798637703e-05
1.299422551896205543e-05
3.275243582405723693e-05
2.872961649026075281e-05
2.872961649026075281e-05
1.357189494698324485e-05
1.357189494698324485e-05
1.480698239438684942e-05
1.386862773853342250e-05
1.386862773853342250e-05
1.000957235918675727e-05
1.000957235918675727e-05
1.402831133359849266e-05
1.402831133359849266e-05
2.457277039808529622e-05
2.457277039808529622e-05
2.499982916844210360e-05
2.499982916844210360e-05
1.949445973545540009e-05
1.949445973545540009e-05
1.845846622432158521e-05
1.751239674433597676e-05
1.751239674433597676e-05
1.214874448324520666e-05
1.214874448324520666e-05
1.589159094162931381e-05
1.315114632821835460e-05
1.315114632821835460e-05
1.507579951969541086e-05
1.931081137291209440e-05
1.546704323644138381e-05
1.546704323644138381e-05
2.438436662647881217e-05
2.438436662647881217e-05
2.584291193226677220e-05
2.784897647420540685e-05
1.662781670627863371e-05
1.024270770832872057e-05
1.024270770832872057e-05
2.768815563229991432e-05
1.476640835495730500e-05
1.476640835495730500e-05
2.585535690061588503e-05
1.645465960613278722e-05
1.645465960613278722e-05
1.731201149076916815e-05
2.064110030098062303e-05
2.427946503989325398e-05
2.470499031761554660e-05
2.470499031761554660e-05
2.640528197610162966e-05
2.181947185275018322e-05
1.763871324316264395e-05
1.763871324316264395e-05
1.875448945241737806e-05
1.443772618300284737e-05
1.344838395990281664e-05
1.344838395990281664e-05
1.928512367538616468e-05
1.516256696457076586e-05
1.516256696457076586e-05
1.204073906037846321e-05
1.204073906037846321e-05
2.091338883674429813e-05
2.114481152976725788e-05
2.114481152976725788e-05
1.068821158694239435e-05
1.068821158694239435e-05
1.187926249716604020e-05
1.119345942783998558e-05
1.119345942783998558e-05
2.785793975780403653e-05
2.785793975780403653e-05
1.332264490985486577e-05
1.332264490985486577e-05
1.913216148862568336e-05
2.083469727469018345e-05
3.314129532709191017e-05
1.016520269973934652e-05
1.016520269973934652e-05
2.082326463783448385e-05
1.872068930557737644e-05
1.872068930557737644e-05
1.889553940394492928e-05
1.577582187932527851e-05
1.065093111065896913e-05
1.065093111065896913e-05
2.827959999670601364e-05
1.095854825400059812e-05
1.095854825400059812e-05
2.360762327426132011e-05
1.048799897057956331e-05
1.048799897057956331e-05
1.172041021434137507e-05
1.261400516105329302e-05
1.261400516105329302e-05
1.687086010029506923e-05
2.174166212345419311e-05
1.712952660676184368e-05
1.712952660676184368e-05
3.345605233355374307e-05
2.798499707089675156e-05
1.342197580802203800e-05
1.342197580802203800e-05
2.103150733886743234e-05
2.103150733886743234e-05
2.803721820879918387e-05
2.632910194376345027e-05
2.632910194376345027e-05
2.917432831577435989e-05
2.154153851710229552e-05
2.154153851710229552e-05
1.243465611835563185e-05
1.243465611835563185e-05
1.927156916130790633e-05
1.550680065298784175e-05
2.872287797948636860e-05
1.491419574485904228e-05
1.491419574485904228e-05
2.643365656870112291e-05
2.643365656870112291e-05
1.970732874133633068e-05
1.970732874133633068e-05
2.891874990554217718e-05
1.947681607018849752e-05
1.559220193496531009e-05
1.559220193496531009e-05
1.920606004564794677e-05
1.643468377863236746e-05
1.643468377863236746e-05
1.737978701145618529e-05
1.737978701145618529e-05
1.802609339963801949e-05
1.802609339963801949e-05
2.213491682668824336e-05
2.213491682668824336e-05
1.857020090284417906e-05
1.857020090284417906e-05
1.153535053733398780e-05
1.153535053733398780e-05
2.122885361574489954e-05
1.747457153646563141e-05
1.432192767334048094e-05
1.432192767334048094e-05
1.737126305771959615e-05
1.737126305771959615e-05
1.906344239550407358e-05
3.021885152399948285e-05
3.238998900352233889e-05
2.053889052474399554e-05
2.053889052474399554e-05
2.467693981804529194e-05
2.467693981804529194e-05
1.310657099045709966e-05
2.470671424757097626e-05
2.286415050772938062e-05
2.286415050772938062e-05
2.895538986498799984e-05
3.077719569346491204e-05
1.860297348200482445e-05
1.860297348200482445e-05
1.951692643308480232e-05
1.107179862908418790e-05
1.107179862908418790e-05
2.465057753012717899e-05
2.108761803706510847e-05
2.108761803706510847e-05
2.595337186544361010e-05
3.010527875259680797e-05
2.640374229320082826e-05
1.518855852813253615e-05
1.518855852813253615e-05
1.554982927724349315e-05
1.664547793838767886e-05
1.516797888348565993e-05
1.633970514434468274e-05
1.818909869221834981e-05
1.360410751633551108e-05
1.414032153003168149e-05
2.296044969682356534e-05
1.742001253940553813e-05
1.469303071653128258e-05
1.060766404073715678e-05
1.511388865949874135e-05
2.103273057239883284e-05
1.395774669281628541e-05
1.057332731097703664e-05
1.685216154980558715e-05
1.004105431790111481e-05
1.740199831834120397e-05
2.571969772198708486e-05
2.449594525473863349e-05
1.647743991027764059e-05
1.664547793838767886e-05
1.711714701603409420e-05
1.633970514434468274e-05
1.005535531331108926e-05
1.360410751633551108e-05
1.414032153003168149e-05
1.997362009757124582e-05
3.034331193967293198e-05
1.471036638989837051e-05
1.060766404073715678e-05
1.511388865949874135e-05
1.072778909181794196e-05
1.216314221005512668e-05
1.057332731097703664e-05
1.628112779226366090e-05
1.004105431790111481e-05
2.288681529763483499e-05
2.599487940327142394e-05
2.415204990231890550e-05
1.647743991027764059e-05
3.006242213157175091e-05
3.176207717503707066e-05
3.281566909259457903e-05
1.005535531331108926e-05
1.235506830443306581e-05
1.902621046159521406e-05
1.088772579400825024e-05
2.365895871352015491e-05
2.366141244931192655e-05
1.127857007753365922e-05
1.471669339482767276e-05
1.072778909181794196e-05
1.216314221005512668e-05
1.278634530945058321e-05
1.628112779226366090e-05
2.597194205150908932e-05
2.233537629741898776e-05
2.458749359300140905e-05
2.415204990231890550e-05
2.588390513954732448e-05
1.279231067958928569e-05
3.108887415275559069e-05
1.865070379389880667e-05
1.252068182156612744e-05
1.235506830443306581e-05
1.902621046159521406e-05
1.088772579400825024e-05
1.928781538320016809e-05
1.030923529000893474e-05
1.127857007753365922e-05
1.277776873850910976e-05
1.913694419780411445e-05
1.610727167394770872e-05
2.286844917501697333e-05
1.880237339415917995e-05
2.597194205150908932e-05
1.050978446120376649e-05
2.431546622019497791e-05
2.028459039448441076e-05
3.358850205039698060e-05
1.279231067958928569e-05
1.134905255362867086e-05
1.476194433638756497e-05
1.252068182156612744e-05
1.958522665167787742e-05
1.830120373839192385e-05
1.899957987928267917e-05
1.928781538320016809e-05
1.030923529000893474e-05
2.019214321692855334e-05
1.277776873850910976e-05
1.825633129898765296e-05
1.206846422699969135e-05
2.286844917501697333e-05
2.116519569805779357e-05
3.001191051876418719e-05
1.050978446120376649e-05
2.431546622019497791e-05
2.028459039448441076e-05
2.775122618386093631e-05
2.753882081453428804e-05
1.134905255362867086e-05
1.476194433638756497e-05
1.934286293489921899e-05
1.207636107596111521e-05
1.599101099030561301e-05
1.553706900107487048e-05
1.908999492010263622e-05
3.025785580280877161e-05
1.150240424665872622e-05
2.124358894741386455e-05
1.825633129898765296e-05
1.206846422699969135e-05
1.158502454933420960e-05
1.605269180639834581e-05
1.212676154375536919e-05
3.019443588368378085e-05
1.425625189095204466e-05
1.488361563906095819e-05
2.775122618386093631e-05
2.753882081453428804e-05
2.473434695584354555e-05
3.286835850293652269e-05
1.149554091886585728e-05
1.207636107596111521e-05
1.599101099030561301e-05
1.553706900107487048e-05
1.908999492010263622e-05
2.648543200883301518e-05
1.150240424665872622e-05
1.268723833937745196e-05
2.452296319083486719e-05
1.660595936351621151e-05
1.158502454933420960e-05
1.604647635243570210e-05
1.077825158546013437e-05
2.360580881865462837e-05
1.425625189095204466e-05
1.488361563906095819e-05
2.148363986896608831e-05
2.046635250092247426e-05
2.473434695584354555e-05
2.317947082366403856e-05
1.149554091886585728e-05
2.972525286390607414e-05
2.241738772806484994e-05
1.527852502235593494e-05
2.509960352740707131e-05
2.648543200883301518e-05
2.889659578151530464e-05
1.268723833937745196e-05
1.546244453350246168e-05
2.064093333837465415e-05
2.059624007013055418e-05
1.604647635243570210e-05
1.077825158546013437e-05
2.194853275261389583e-05
1.911775446980961194e-05
1.663075616566993720e-05
1.335909319630895698e-05
1.754715244331823607e-05
1.341200234553186979e-05
1.794250508381473014e-05
2.697956702177725576e-05
2.503352889738468871e-05
2.241738772806484994e-05
1.527852502235593494e-05
2.371815492732950583e-05
2.605873850388053614e-05
2.816973426583934775e-05
2.539533848796233969e-05
1.546244453350246168e-05
2.064093333837465415e-05
1.886963651744902397e-05
1.796616094205825471e-05
1.913332547336004302e-05
1.773076928683691800e-05
1.614077496360400864e-05
1.178164960237418711e-05
1.335909319630895698e-05
1.032120184951007117e-05
1.341200234553186979e-05
1.150916081044442442e-05
1.695389834717788162e-05
1.870829985847524330e-05
2.478055778474136869e-05
2.402286474525378157e-05
2.371815492732950583e-05
1.399202333305832063e-05
2.816973426583934775e-05
2.539533848796233969e-05
2.244420048160499130e-05
2.512510783725503967e-05
1.886963651744902397e-05
1.420520395046530664e-05
2.511508285583204095e-05
1.773076928683691800e-05
1.614077496360400864e-05
1.178164960237418711e-05
1.299422551896205543e-05
1.032120184951007117e-05
1.414104566595739007e-05
1.150916081044442442e-05
1.695389834717788162e-05
1.357189494698324485e-05
2.478055778474136869e-05
1.480698239438684942e-05
1.386862773853342250e-05
1.399202333305832063e-05
1.000957235918675727e-05
2.826478165016750005e-05
1.402831133359849266e-05
2.609100548477480955e-05
2.273687735768552311e-05
1.420520395046530664e-05
2.499982916844210360e-05
3.403668714615423741e-05
1.949445973545540009e-05
1.453703022798637703e-05
1.299422551896205543e-05
2.856876853793827414e-05
1.751239674433597676e-05
2.872961649026075281e-05
1.214874448324520666e-05
1.357189494698324485e-05
2.095422231515399038e-05
1.315114632821835460e-05
1.386862773853342250e-05
2.017697391303670514e-05
1.000957235918675727e-05
1.546704323644138381e-05
1.402831133359849266e-05
2.438436662647881217e-05
2.457277039808529622e-05
2.925650007428648032e-05
2.499982916844210360e-05
1.662781670627863371e-05
1.024270770832872057e-05
2.242525875187633628e-05
1.845846622432158521e-05
2.856876853793827414e-05
1.476640835495730500e-05
2.585535690061588503e-05
1.214874448324520666e-05
1.589159094162931381e-05
1.731201149076916815e-05
1.315114632821835460e-05
1.507579951969541086e-05
3.103856854657835711e-05
1.931081137291209440e-05
1.546704323644138381e-05
2.640528197610162966e-05
2.181947185275018322e-05
1.763871324316264395e-05
1.875448945241737806e-05
2.784897647420540685e-05
1.443772618300284737e-05
1.024270770832872057e-05
1.532612410736129851e-05
2.672283600355379398e-05
1.928512367538616468e-05
1.476640835495730500e-05
1.826761008020004584e-05
1.204073906037846321e-05
1.645465960613278722e-05
1.731201149076916815e-05
2.064110030098062303e-05
2.118275384983147767e-05
1.068821158694239435e-05
1.697444180185862371e-05
1.187926249716604020e-05
1.119345942783998558e-05
2.181947185275018322e-05
1.763871324316264395e-05
1.875448945241737806e-05
1.332264490985486577e-05
1.443772618300284737e-05
1.344838395990281664e-05
1.532612410736129851e-05
2.672283600355379398e-05
1.928512367538616468e-05
1.016520269973934652e-05
1.826761008020004584e-05
1.204073906037846321e-05
1.872068930557737644e-05
1.940080044761986915e-05
1.889553940394492928e-05
1.577582187932527851e-05
1.065093111065896913e-05
1.697444180185862371e-05
1.187926249716604020e-05
1.095854825400059812e-05
3.147745542382626575e-05
2.360762327426132011e-05
1.048799897057956331e-05
1.172041021434137507e-05
1.913216148862568336e-05
1.261400516105329302e-05
1.739993569150640376e-05
1.687086010029506923e-05
3.403420190328620396e-05
1.016520269973934652e-05
1.712952660676184368e-05
2.457781572108967298e-05
1.872068930557737644e-05
1.940080044761986915e-05
1.342197580802203800e-05
1.577582187932527851e-05
1.065093111065896913e-05
2.827959999670601364e-05
2.803721820879918387e-05
1.095854825400059812e-05
2.917432831577435989e-05
2.360762327426132011e-05
1.048799897057956331e-05
1.172041021434137507e-05
1.243465611835563185e-05
1.261400516105329302e-05
1.739993569150640376e-05
1.550680065298784175e-05
2.872287797948636860e-05
2.174166212345419311e-05
1.491419574485904228e-05
2.911506625485137559e-05
2.643365656870112291e-05
2.798499707089675156e-05
1.342197580802203800e-05
2.891874990554217718e-05
2.103150733886743234e-05
1.947681607018849752e-05
1.559220193496531009e-05
1.920606004564794677e-05
2.632074701068940552e-05
1.643468377863236746e-05
2.154153851710229552e-05
1.737978701145618529e-05
1.243465611835563185e-05
1.802609339963801949e-05
2.260806035315915757e-05
1.550680065298784175e-05
2.213491682668824336e-05
2.560471281132533332e-05
1.491419574485904228e-05
2.171433756968961103e-05
1.153535053733398780e-05
2.299416221130114757e-05
1.970732874133633068e-05
1.747457153646563141e-05
1.432192767334048094e-05
1.851659302291317201e-05
1.559220193496531009e-05
1.906344239550407358e-05
2.632074701068940552e-05
1.643468377863236746e-05
3.146247331726293128e-05
1.737978701145618529e-05
2.910086664153050090e-05
1.802609339963801949e-05
2.260806035315915757e-05
1.310657099045709966e-05
2.213491682668824336e-05
2.470671424757097626e-05
1.857020090284417906e-05
2.171433756968961103e-05
1.153535053733398780e-05
2.299416221130114757e-05
1.860297348200482445e-05
1.747457153646563141e-05
1.432192767334048094e-05
1.107179862908418790e-05
1.737126305771959615e-05
1.906344239550407358e-05
2.108761803706510847e-05
2.595337186544361010e-05
3.287583306056436497e-05
2.053889052474399554e-05
2.640374229320082826e-05
1.518855852813253615e-05
3.429340045300002966e-05
